33
35
34
34
38
34
34
34
34
34
39
34
34
34
34
34
33
34
34
38
34
34
34
33
34
34
33
37
35
34
34
34
34
33
34
34
34
35
34
34
34
34
34
37
35
34
33
35
34
37
39
34
37
35
34
35
0
33
38
34
34
35
34
35
34
33
33
34
33
33
33
33
33
33
33
34
33
34
33
33
33
34
34
33
34
34
33
33
33
33
34
33
34
32
33
33
35
34
33
34
33
32
32
33
32
34
34
33
35
33
33
33
34
33
32
33
32
32
32
34
34
33
32
34
33
33
34
32
33
33
32
33
32
32
32
32
32
33
32
33
33
34
32
33
33
33
33
33
33
33
33
34
32
34
32
34
32
32
34
32
32
32
33
33
32
32
32
32
32
32
32
32
32
32
33
32
32
32
32
32
31
32
32
32
32
32
33
32
32
32
32
32
32
32
32
32
32
31
31
32
32
32
32
